1.110e+03 8.3242e-05 2.4256e-07 1.5986e-07 0.0000e+00 0.0000e+00 0.0000e+00 0.0000e+00 0.0000e+00 0.0000e+00 0.0000e+00 0.0000e+00 0.0000e+00 0.0000e+00 0.0000e+00 5.7618e-16 0.0000e+00 7.0049e-18 0.0000e+00 1.4013e-35 0.0000e+00 0.0000e+00 0.0000e+00 3.6211e-14 0.0000e+00 0.0000e+00 0.0000e+00 0.0000e+00 0.0000e+00 0.0000e+00 0.0000e+00 
1.330e+03 1.8370e-04 2.6713e-06 3.0316e-07 7.6539e-09 0.0000e+00 0.0000e+00 0.0000e+00 0.0000e+00 0.0000e+00 0.0000e+00 0.0000e+00 0.0000e+00 0.0000e+00 0.0000e+00 0.0000e+00 0.0000e+00 0.0000e+00 0.0000e+00 0.0000e+00 0.0000e+00 0.0000e+00 0.0000e+00 0.0000e+00 0.0000e+00 0.0000e+00 0.0000e+00 0.0000e+00 0.0000e+00 1.4177e-48 0.0000e+00 
1.550e+03 3.4833e-04 1.1573e-05 3.1683e-06 2.8952e-07 1.8342e-07 1.0818e-08 1.7148e-123 0.0000e+00 0.0000e+00 0.0000e+00 0.0000e+00 0.0000e+00 0.0000e+00 0.0000e+00 0.0000e+00 0.0000e+00 0.0000e+00 0.0000e+00 0.0000e+00 0.0000e+00 0.0000e+00 0.0000e+00 0.0000e+00 0.0000e+00 0.0000e+00 0.0000e+00 0.0000e+00 0.0000e+00 0.0000e+00 0.0000e+00 
1.770e+03 5.3799e-04 3.4600e-05 8.3444e-06 3.6838e-06 2.4069e-06 7.0007e-07 4.2697e-07 1.4418e-08 5.8771e-12 6.3507e-09 0.0000e+00 0.0000e+00 0.0000e+00 0.0000e+00 0.0000e+00 0.0000e+00 0.0000e+00 0.0000e+00 0.0000e+00 0.0000e+00 0.0000e+00 0.0000e+00 0.0000e+00 0.0000e+00 0.0000e+00 0.0000e+00 0.0000e+00 0.0000e+00 0.0000e+00 0.0000e+00 
1.990e+03 8.1730e-04 8.1196e-05 3.2578e-05 1.2270e-05 4.9741e-06 2.5513e-06 1.4552e-06 7.7582e-07 3.9540e-07 1.6555e-07 5.1878e-08 3.7580e-08 9.0950e-08 4.0808e-08 0.0000e+00 0.0000e+00 0.0000e+00 0.0000e+00 0.0000e+00 0.0000e+00 0.0000e+00 0.0000e+00 0.0000e+00 0.0000e+00 0.0000e+00 0.0000e+00 0.0000e+00 0.0000e+00 0.0000e+00 0.0000e+00 
2.210e+03 1.1438e-03 1.4695e-04 6.2978e-05 3.0892e-05 1.5137e-05 8.3079e-06 3.8324e-06 2.3765e-06 1.1811e-06 5.8399e-07 4.7820e-07 1.5759e-07 1.8525e-07 1.8083e-08 2.0375e-08 4.7133e-08 2.0639e-08 0.0000e+00 1.1407e-10 0.0000e+00 0.0000e+00 0.0000e+00 0.0000e+00 0.0000e+00 0.0000e+00 2.2761e-10 0.0000e+00 0.0000e+00 0.0000e+00 0.0000e+00 
2.430e+03 1.5053e-03 2.5699e-04 1.0649e-04 5.8504e-05 3.5872e-05 1.9736e-05 1.1935e-05 6.3845e-06 3.7898e-06 1.8944e-06 1.4987e-06 1.0250e-06 4.4238e-07 2.6254e-07 1.7201e-07 1.8365e-07 7.3718e-08 6.1476e-08 3.5068e-08 3.5493e-09 6.5928e-09 1.6761e-08 0.0000e+00 6.4210e-96 1.3373e-08 0.0000e+00 0.0000e+00 0.0000e+00 0.0000e+00 0.0000e+00 
2.650e+03 1.8189e-03 4.1427e-04 2.1520e-04 1.1405e-04 6.5308e-05 3.8409e-05 2.2131e-05 1.3899e-05 9.5545e-06 5.0780e-06 2.8910e-06 2.1464e-06 1.5649e-06 1.0301e-06 4.9361e-07 2.7650e-07 1.8332e-07 1.5889e-07 1.2247e-07 6.2987e-08 3.4808e-08 4.9513e-08 1.5920e-08 4.3458e-75 1.4030e-08 0.0000e+00 5.8527e-15 3.5136e-09 0.0000e+00 0.0000e+00 
2.870e+03 2.2481e-03 5.8260e-04 3.0171e-04 1.8258e-04 1.0963e-04 6.8272e-05 4.1380e-05 2.8120e-05 1.8347e-05 1.0687e-05 7.1122e-06 4.9752e-06 3.6284e-06 1.8328e-06 1.2533e-06 1.1183e-06 4.7664e-07 3.7385e-07 4.0064e-07 2.2391e-07 1.6376e-07 1.4313e-07 8.3138e-08 4.3230e-08 3.2332e-08 3.8342e-13 3.8085e-08 3.5248e-08 1.3892e-52 2.7388e-47 
3.090e+03 2.7125e-03 8.0218e-04 4.2369e-04 2.7013e-04 1.7391e-04 1.1134e-04 7.2559e-05 4.8053e-05 3.2013e-05 2.1618e-05 1.4476e-05 1.0402e-05 6.6702e-06 4.2918e-06 2.8669e-06 1.9904e-06 1.6338e-06 1.1338e-06 7.0938e-07 4.1507e-07 4.2305e-07 1.3752e-07 1.2338e-07 1.3601e-07 8.3611e-08 7.6258e-08 3.4843e-08 3.0432e-08 2.2699e-08 5.2170e-20 
3.310e+03 3.1433e-03 1.0465e-03 5.7253e-04 3.6684e-04 2.4591e-04 1.6175e-04 1.0481e-04 7.8592e-05 5.3923e-05 3.5050e-05 2.6469e-05 1.7333e-05 1.2906e-05 7.8122e-06 6.4665e-06 4.6421e-06 2.7291e-06 1.6615e-06 1.4812e-06 8.7123e-07 6.1749e-07 5.5286e-07 3.8143e-07 2.2319e-07 1.0038e-07 1.6123e-07 8.4055e-08 7.7158e-08 7.0310e-08 5.1178e-08 
3.530e+03 3.6099e-03 1.3046e-03 7.8537e-04 4.8125e-04 3.3309e-04 2.2285e-04 1.5620e-04 1.1245e-04 7.9600e-05 5.6006e-05 3.9409e-05 2.6309e-05 2.0305e-05 1.4342e-05 9.8304e-06 7.6312e-06 4.9679e-06 3.7104e-06 2.9395e-06 1.7368e-06 1.1955e-06 9.3610e-07 5.5833e-07 6.0350e-07 4.1540e-07 3.2355e-07 2.5896e-07 1.4424e-07 1.2156e-07 4.7459e-08 
3.750e+03 4.2783e-03 1.6072e-03 9.7695e-04 6.3545e-04 4.1797e-04 2.9569e-04 2.0891e-04 1.4748e-04 1.0856e-04 7.7299e-05 5.6223e-05 4.1803e-05 3.1203e-05 2.2767e-05 1.5920e-05 1.1553e-05 8.4978e-06 6.5391e-06 4.9605e-06 3.1857e-06 2.5633e-06 1.7492e-06 1.4420e-06 1.2043e-06 9.4508e-07 5.7079e-07 4.4489e-07 3.1072e-07 1.7689e-07 3.2741e-07 
3.970e+03 4.8170e-03 1.9388e-03 1.1974e-03 7.7771e-04 5.2463e-04 3.6924e-04 2.6456e-04 1.9228e-04 1.4596e-04 1.0813e-04 8.1973e-05 5.7565e-05 4.2844e-05 3.1605e-05 2.4360e-05 1.7824e-05 1.3061e-05 9.8705e-06 7.4141e-06 5.2727e-06 4.6443e-06 3.0249e-06 2.3562e-06 1.8694e-06 1.4692e-06 1.1476e-06 1.0555e-06 6.9514e-07 5.4168e-07 3.5594e-07 
4.190e+03 5.3223e-03 2.2778e-03 1.4058e-03 9.0252e-04 6.3373e-04 4.5255e-04 3.2339e-04 2.4020e-04 1.8391e-04 1.3936e-04 1.0297e-04 7.6488e-05 5.7012e-05 4.3049e-05 3.3770e-05 2.4795e-05 1.9550e-05 1.3978e-05 1.0982e-05 8.0556e-06 6.1623e-06 5.0236e-06 3.5606e-06 2.9805e-06 2.2106e-06 2.0590e-06 1.4888e-06 1.1250e-06 1.0418e-06 6.5797e-07 
4.410e+03 5.9548e-03 2.6029e-03 1.6169e-03 1.0495e-03 7.2564e-04 5.2977e-04 3.8151e-04 2.9147e-04 2.1839e-04 1.6919e-04 1.2810e-04 9.8364e-05 7.2669e-05 5.7046e-05 4.1659e-05 3.4017e-05 2.6199e-05 1.9273e-05 1.5301e-05 1.2052e-05 9.6280e-06 7.4215e-06 5.9220e-06 4.5249e-06 3.5249e-06 2.9897e-06 2.0981e-06 1.9401e-06 1.4413e-06 1.1280e-06 
4.630e+03 6.4191e-03 3.0296e-03 1.8711e-03 1.2327e-03 8.4240e-04 6.0918e-04 4.5196e-04 3.4080e-04 2.6337e-04 2.0038e-04 1.5454e-04 1.1870e-04 9.1797e-05 7.3138e-05 5.5384e-05 4.3669e-05 3.4070e-05 2.6018e-05 1.9736e-05 1.5583e-05 1.3027e-05 1.0240e-05 8.2997e-06 6.2211e-06 4.9363e-06 4.4169e-06 3.1542e-06 2.4964e-06 1.9766e-06 1.5552e-06 
4.850e+03 7.0745e-03 3.3415e-03 2.0927e-03 1.3751e-03 9.3662e-04 6.8759e-04 5.0711e-04 3.7994e-04 3.0185e-04 2.3444e-04 1.8546e-04 1.3974e-04 1.0998e-04 8.7666e-05 6.8006e-05 5.4394e-05 4.3369e-05 3.3693e-05 2.7237e-05 2.0416e-05 1.7399e-05 1.3678e-05 1.0661e-05 8.6100e-06 7.0488e-06 5.6101e-06 4.7012e-06 3.1839e-06 2.5458e-06 2.3220e-06 
5.070e+03 7.2788e-03 3.6770e-03 2.3044e-03 1.5005e-03 1.0531e-03 7.6522e-04 5.7098e-04 4.3846e-04 3.3407e-04 2.6926e-04 2.1232e-04 1.6220e-04 1.2800e-04 1.0626e-04 8.3968e-05 6.3878e-05 5.2739e-05 4.1658e-05 3.5328e-05 2.6658e-05 2.1350e-05 1.6874e-05 1.4346e-05 1.1133e-05 9.1960e-06 7.4151e-06 5.9557e-06 4.7749e-06 3.6879e-06 3.1894e-06 
5.290e+03 7.4378e-03 3.9695e-03 2.5179e-03 1.6536e-03 1.1543e-03 8.2654e-04 6.3380e-04 4.7835e-04 3.7432e-04 2.9416e-04 2.3431e-04 1.8372e-04 1.4815e-04 1.2174e-04 9.2789e-05 7.8301e-05 6.0977e-05 5.0298e-05 3.9067e-05 3.2470e-05 2.6659e-05 2.1322e-05 1.7174e-05 1.4032e-05 1.1449e-05 9.1116e-06 8.0281e-06 6.6223e-06 5.5397e-06 4.3725e-06 
5.510e+03 7.3099e-03 4.2592e-03 2.7096e-03 1.7732e-03 1.2481e-03 9.0923e-04 6.9283e-04 5.2628e-04 4.2090e-04 3.2712e-04 2.5780e-04 2.0730e-04 1.6775e-04 1.3284e-04 1.0647e-04 8.9430e-05 7.2511e-05 5.6829e-05 4.6946e-05 3.6560e-05 3.0521e-05 2.5717e-05 2.2513e-05 1.7016e-05 1.4610e-05 1.2094e-05 1.0177e-05 8.0461e-06 7.0370e-06 5.8741e-06 
5.730e+03 7.4324e-03 4.4163e-03 2.8506e-03 1.8998e-03 1.3305e-03 9.8410e-04 7.3975e-04 5.7120e-04 4.4538e-04 3.4867e-04 2.8418e-04 2.2928e-04 1.8819e-04 1.5084e-04 1.2205e-04 1.0205e-04 8.1746e-05 6.7018e-05 5.4456e-05 4.4486e-05 3.8491e-05 3.0749e-05 2.5139e-05 2.0736e-05 1.7841e-05 1.5194e-05 1.2051e-05 1.0025e-05 8.2864e-06 6.9867e-06 
5.950e+03 7.0012e-03 4.5849e-03 2.9676e-03 2.0117e-03 1.4275e-03 1.0447e-03 8.0391e-04 6.1471e-04 4.6778e-04 3.8084e-04 3.0742e-04 2.4652e-04 2.0498e-04 1.6398e-04 1.3778e-04 1.1410e-04 9.3276e-05 7.6493e-05 6.4102e-05 5.0927e-05 4.2693e-05 3.4545e-05 2.9727e-05 2.4568e-05 2.0998e-05 1.7015e-05 1.5085e-05 1.3192e-05 1.0614e-05 8.6254e-06 
6.170e+03 6.6201e-03 4.6776e-03 3.0944e-03 2.1140e-03 1.4797e-03 1.0935e-03 8.3633e-04 6.4070e-04 5.1508e-04 4.0445e-04 3.3036e-04 2.7522e-04 2.2463e-04 1.7872e-04 1.4821e-04 1.2063e-04 1.0335e-04 8.2355e-05 7.1372e-05 5.9000e-05 4.8908e-05 4.1055e-05 3.5675e-05 2.9208e-05 2.4001e-05 1.9787e-05 1.8144e-05 1.4546e-05 1.3022e-05 1.0601e-05 
6.390e+03 6.1743e-03 4.6509e-03 3.1557e-03 2.1589e-03 1.5438e-03 1.1428e-03 8.8563e-04 6.8637e-04 5.4445e-04 4.2855e-04 3.5094e-04 2.9044e-04 2.3560e-04 1.9505e-04 1.6048e-04 1.3600e-04 1.1161e-04 9.3650e-05 7.9238e-05 6.5945e-05 5.5655e-05 4.6319e-05 3.9560e-05 3.3124e-05 2.7517e-05 2.4420e-05 2.0956e-05 1.7894e-05 1.5183e-05 1.1968e-05 
6.610e+03 5.7847e-03 4.5778e-03 3.2172e-03 2.2068e-03 1.6191e-03 1.1991e-03 9.1716e-04 7.0897e-04 5.7257e-04 4.6138e-04 3.7248e-04 3.0604e-04 2.5102e-04 2.0518e-04 1.7157e-04 1.4292e-04 1.2192e-04 1.0202e-04 8.7892e-05 7.1826e-05 6.2411e-05 5.1221e-05 4.5473e-05 3.8210e-05 3.2540e-05 2.7731e-05 2.3740e-05 2.0369e-05 1.7770e-05 1.5063e-05 
6.830e+03 5.2956e-03 4.5591e-03 3.2185e-03 2.2329e-03 1.6676e-03 1.2486e-03 9.4584e-04 7.4813e-04 5.9948e-04 4.8406e-04 3.9940e-04 3.2068e-04 2.6491e-04 2.2360e-04 1.8851e-04 1.5599e-04 1.3063e-04 1.1083e-04 9.4097e-05 8.0553e-05 6.7229e-05 5.8639e-05 5.0679e-05 4.3226e-05 3.6825e-05 3.1725e-05 2.7447e-05 2.2911e-05 2.0362e-05 1.6285e-05 
7.050e+03 4.6977e-03 4.3006e-03 3.1703e-03 2.3221e-03 1.6719e-03 1.2665e-03 9.8189e-04 7.6678e-04 6.1782e-04 5.0089e-04 4.1408e-04 3.4428e-04 2.8602e-04 2.3418e-04 1.9384e-04 1.6625e-04 1.3990e-04 1.1929e-04 1.0062e-04 8.5366e-05 7.3771e-05 6.4074e-05 5.4943e-05 4.6656e-05 4.0199e-05 3.5633e-05 3.1020e-05 2.6033e-05 2.3085e-05 1.8372e-05 
7.270e+03 4.3179e-03 4.1601e-03 3.1304e-03 2.2942e-03 1.7151e-03 1.2913e-03 1.0079e-03 7.9013e-04 6.3784e-04 5.2380e-04 4.2508e-04 3.5414e-04 2.9846e-04 2.4672e-04 2.0760e-04 1.7541e-04 1.5132e-04 1.2597e-04 1.0891e-04 9.2000e-05 7.8704e-05 7.1207e-05 5.8999e-05 5.1727e-05 4.5290e-05 3.9072e-05 3.4198e-05 2.9542e-05 2.5689e-05 2.1151e-05 
7.490e+03 4.0657e-03 3.9219e-03 3.0717e-03 2.2483e-03 1.7006e-03 1.2973e-03 1.0295e-03 8.0314e-04 6.5924e-04 5.3739e-04 4.3775e-04 3.7409e-04 3.1017e-04 2.6146e-04 2.1873e-04 1.8422e-04 1.5926e-04 1.3565e-04 1.1491e-04 9.9822e-05 8.7136e-05 7.5495e-05 6.4326e-05 5.6780e-05 5.0548e-05 4.3805e-05 3.7451e-05 3.2729e-05 2.9201e-05 2.3863e-05 
7.710e+03 3.6908e-03 3.6917e-03 2.9812e-03 2.2147e-03 1.7152e-03 1.3217e-03 1.0471e-03 8.1788e-04 6.6888e-04 5.4543e-04 4.5933e-04 3.8266e-04 3.2454e-04 2.6742e-04 2.2954e-04 1.9245e-04 1.6447e-04 1.4136e-04 1.2547e-04 1.0757e-04 9.3022e-05 8.1119e-05 7.0632e-05 6.0820e-05 5.4934e-05 4.8495e-05 4.2329e-05 3.6932e-05 3.1819e-05 2.7378e-05 
7.930e+03 3.2784e-03 3.6400e-03 2.8769e-03 2.1973e-03 1.6801e-03 1.3057e-03 1.0411e-03 8.3440e-04 6.7044e-04 5.5839e-04 4.6589e-04 3.9033e-04 3.3372e-04 2.7835e-04 2.3952e-04 2.0393e-04 1.7446e-04 1.5170e-04 1.2961e-04 1.1258e-04 9.8087e-05 8.6087e-05 7.7161e-05 6.7616e-05 5.9516e-05 5.2031e-05 4.6199e-05 4.0209e-05 3.5752e-05 2.9135e-05 
8.150e+03 3.0666e-03 3.3929e-03 2.7347e-03 2.1275e-03 1.6484e-03 1.2795e-03 1.0288e-03 8.3269e-04 6.8572e-04 5.7214e-04 4.8032e-04 4.0325e-04 3.3883e-04 2.8609e-04 2.4745e-04 2.1164e-04 1.8252e-04 1.5804e-04 1.3592e-04 1.1807e-04 1.0673e-04 9.2171e-05 7.9984e-05 7.1724e-05 6.4373e-05 5.6474e-05 4.8993e-05 4.3603e-05 3.8492e-05 3.1804e-05 
8.370e+03 2.7751e-03 3.1472e-03 2.6240e-03 2.1068e-03 1.6135e-03 1.2678e-03 1.0176e-03 8.2781e-04 6.8950e-04 5.7498e-04 4.8265e-04 4.0328e-04 3.4749e-04 2.9833e-04 2.5226e-04 2.1770e-04 1.8848e-04 1.6348e-04 1.4101e-04 1.2443e-04 1.1030e-04 9.6481e-05 8.6615e-05 7.6380e-05 6.8488e-05 5.9773e-05 5.3287e-05 4.7109e-05 4.1362e-05 3.6526e-05 
8.590e+03 2.6127e-03 3.0059e-03 2.5143e-03 1.9699e-03 1.5458e-03 1.2321e-03 1.0111e-03 8.2742e-04 6.8051e-04 5.7902e-04 4.8155e-04 4.1214e-04 3.5005e-04 2.9796e-04 2.6042e-04 2.2304e-04 1.9040e-04 1.6830e-04 1.4540e-04 1.2807e-04 1.1237e-04 1.0301e-04 9.1925e-05 8.1490e-05 7.3817e-05 6.6144e-05 5.8646e-05 5.1361e-05 4.5523e-05 3.9617e-05 
8.810e+03 2.3688e-03 2.8643e-03 2.4007e-03 1.8901e-03 1.5041e-03 1.1987e-03 9.9139e-04 8.1283e-04 6.8953e-04 5.8743e-04 4.8441e-04 4.1628e-04 3.5578e-04 3.0893e-04 2.6158e-04 2.2631e-04 1.9768e-04 1.7514e-04 1.5146e-04 1.3402e-04 1.1939e-04 1.0468e-04 9.7824e-05 8.4682e-05 7.9558e-05 6.9551e-05 6.0803e-05 5.4900e-05 4.9465e-05 4.1185e-05 
9.030e+03 2.2451e-03 2.7444e-03 2.2872e-03 1.8372e-03 1.4733e-03 1.1792e-03 9.5872e-04 7.9526e-04 6.7491e-04 5.6921e-04 4.8291e-04 4.1659e-04 3.5394e-04 3.0264e-04 2.6522e-04 2.3224e-04 2.0515e-04 1.7742e-04 1.5578e-04 1.3862e-04 1.2555e-04 1.1116e-04 1.0161e-04 9.0198e-05 8.2602e-05 7.2452e-05 6.6096e-05 6.0565e-05 5.2347e-05 4.4478e-05 
9.250e+03 2.0691e-03 2.6065e-03 2.1263e-03 1.7626e-03 1.3785e-03 1.1545e-03 9.4784e-04 7.9230e-04 6.5614e-04 5.6932e-04 4.8496e-04 4.1917e-04 3.6139e-04 3.0982e-04 2.6738e-04 2.3358e-04 2.0896e-04 1.7985e-04 1.6023e-04 1.4110e-04 1.3037e-04 1.1666e-04 1.0623e-04 9.4991e-05 8.6743e-05 7.7982e-05 7.0245e-05 6.3882e-05 5.8975e-05 4.7702e-05 
9.470e+03 1.8847e-03 2.4246e-03 2.1055e-03 1.6975e-03 1.3810e-03 1.1149e-03 9.2296e-04 7.7698e-04 6.6480e-04 5.5783e-04 4.8126e-04 4.0968e-04 3.6028e-04 3.1320e-04 2.7056e-04 2.3976e-04 2.0529e-04 1.8385e-04 1.6761e-04 1.4558e-04 1.3375e-04 1.2191e-04 1.1264e-04 1.0173e-04 9.1066e-05 8.3622e-05 7.4804e-05 6.8564e-05 5.9433e-05 5.1515e-05 
9.690e+03 1.7429e-03 2.2324e-03 1.9833e-03 1.6067e-03 1.3207e-03 1.0810e-03 9.0034e-04 7.6531e-04 6.3948e-04 5.5639e-04 4.8101e-04 4.1393e-04 3.5497e-04 3.0689e-04 2.7019e-04 2.3823e-04 2.1415e-04 1.8881e-04 1.7168e-04 1.5186e-04 1.3846e-04 1.2754e-04 1.1915e-04 1.0515e-04 9.8164e-05 8.9906e-05 8.0598e-05 7.2637e-05 6.6261e-05 5.5084e-05 
9.910e+03 1.5947e-03 2.1905e-03 1.9054e-03 1.5645e-03 1.2892e-03 1.0290e-03 8.7109e-04 7.3189e-04 6.3280e-04 5.3501e-04 4.7100e-04 4.1330e-04 3.5797e-04 3.1210e-04 2.7397e-04 2.4276e-04 2.1528e-04 1.9182e-04 1.7676e-04 1.5727e-04 1.4133e-04 1.3196e-04 1.2108e-04 1.1166e-04 1.0329e-04 9.3262e-05 8.5264e-05 7.7144e-05 7.0982e-05 5.9081e-05 
1.013e+04 1.5473e-03 2.0873e-03 1.8536e-03 1.5039e-03 1.2296e-03 1.0465e-03 8.7226e-04 7.3522e-04 6.3776e-04 5.4498e-04 4.6972e-04 4.1154e-04 3.5956e-04 3.1331e-04 2.8041e-04 2.4753e-04 2.1925e-04 1.9632e-04 1.8208e-04 1.6029e-04 1.4953e-04 1.3855e-04 1.2576e-04 1.1964e-04 1.1030e-04 9.8435e-05 9.0279e-05 8.1153e-05 7.4794e-05 6.4949e-05 
1.035e+04 1.3544e-03 1.9202e-03 1.7429e-03 1.4601e-03 1.2082e-03 9.9618e-04 8.5498e-04 7.2296e-04 6.2175e-04 5.4199e-04 4.6739e-04 4.1138e-04 3.6636e-04 3.1770e-04 2.8106e-04 2.5118e-04 2.2728e-04 2.0576e-04 1.8719e-04 1.7003e-04 1.5517e-04 1.4632e-04 1.3436e-04 1.2191e-04 1.1453e-04 1.0360e-04 9.5090e-05 8.9041e-05 7.9867e-05 6.8575e-05 
1.057e+04 1.4098e-03 1.8427e-03 1.6769e-03 1.4040e-03 1.1669e-03 9.6980e-04 8.3222e-04 7.1514e-04 6.2452e-04 5.4646e-04 4.7647e-04 4.2246e-04 3.7106e-04 3.2735e-04 2.8528e-04 2.6017e-04 2.3126e-04 2.0928e-04 1.9330e-04 1.7312e-04 1.6355e-04 1.5280e-04 1.3995e-04 1.2894e-04 1.2041e-04 1.0894e-04 1.0035e-04 9.3696e-05 8.4004e-05 7.2412e-05 
1.079e+04 1.2787e-03 1.8152e-03 1.6440e-03 1.3621e-03 1.1501e-03 9.6546e-04 8.1796e-04 7.1413e-04 6.1998e-04 5.4386e-04 4.7746e-04 4.1690e-04 3.7295e-04 3.3340e-04 2.9245e-04 2.6230e-04 2.3737e-04 2.1518e-04 1.9393e-04 1.7862e-04 1.6530e-04 1.5583e-04 1.4412e-04 1.3453e-04 1.2425e-04 1.1603e-04 1.0753e-04 9.7451e-05 8.8710e-05 7.7459e-05 
1.101e+04 1.1511e-03 1.7262e-03 1.5611e-03 1.3533e-03 1.0951e-03 9.4978e-04 8.1808e-04 6.9945e-04 6.2235e-04 5.4487e-04 4.8343e-04 4.2385e-04 3.7008e-04 3.3127e-04 2.9456e-04 2.6863e-04 2.4481e-04 2.2455e-04 2.0032e-04 1.8303e-04 1.7267e-04 1.6275e-04 1.4803e-04 1.4009e-04 1.2996e-04 1.2132e-04 1.1182e-04 1.0206e-04 9.4464e-05 7.9346e-05 
1.123e+04 1.1648e-03 1.6245e-03 1.4776e-03 1.2780e-03 1.1006e-03 9.3272e-04 7.9748e-04 7.0495e-04 6.0921e-04 5.4322e-04 4.7287e-04 4.2482e-04 3.7658e-04 3.3756e-04 3.0150e-04 2.7479e-04 2.4764e-04 2.2760e-04 2.0508e-04 1.8918e-04 1.7919e-04 1.6477e-04 1.5560e-04 1.4494e-04 1.3408e-04 1.2349e-04 1.1677e-04 1.0799e-04 9.9904e-05 8.3978e-05 
1.145e+04 1.0776e-03 1.5685e-03 1.4135e-03 1.2429e-03 1.0692e-03 8.9618e-04 7.8497e-04 6.9523e-04 6.0762e-04 5.4351e-04 4.7766e-04 4.2635e-04 3.8268e-04 3.4160e-04 3.0471e-04 2.7823e-04 2.5104e-04 2.3243e-04 2.1210e-04 1.9616e-04 1.8329e-04 1.7003e-04 1.6056e-04 1.4762e-04 1.3821e-04 1.3146e-04 1.2030e-04 1.1123e-04 1.0218e-04 8.9560e-05 
1.167e+04 1.0612e-03 1.4970e-03 1.3935e-03 1.1996e-03 1.0297e-03 8.9421e-04 7.7700e-04 6.7073e-04 6.0747e-04 5.3318e-04 4.8025e-04 4.2946e-04 3.8674e-04 3.4318e-04 3.0865e-04 2.8237e-04 2.5477e-04 2.3267e-04 2.1488e-04 1.9819e-04 1.8628e-04 1.7917e-04 1.6458e-04 1.5406e-04 1.4417e-04 1.3415e-04 1.2401e-04 1.1625e-04 1.0899e-04 9.4835e-05 
1.189e+04 9.6357e-04 1.4056e-03 1.3340e-03 1.1656e-03 1.0114e-03 8.6233e-04 7.6094e-04 6.6294e-04 5.9685e-04 5.2873e-04 4.6711e-04 4.2442e-04 3.7881e-04 3.4498e-04 3.1377e-04 2.8260e-04 2.6023e-04 2.3770e-04 2.2004e-04 2.0117e-04 1.9000e-04 1.8320e-04 1.6863e-04 1.5884e-04 1.4780e-04 1.3864e-04 1.3057e-04 1.2002e-04 1.1246e-04 9.6068e-05 
1.211e+04 9.0887e-04 1.3566e-03 1.2787e-03 1.1546e-03 1.0027e-03 8.5519e-04 7.4873e-04 6.6330e-04 5.9501e-04 5.2491e-04 4.7121e-04 4.2147e-04 3.7992e-04 3.4395e-04 3.1037e-04 2.8161e-04 2.6121e-04 2.4042e-04 2.2109e-04 2.0789e-04 1.9189e-04 1.8382e-04 1.7057e-04 1.6253e-04 1.5391e-04 1.4354e-04 1.3433e-04 1.2373e-04 1.1570e-04 1.0027e-04 
1.233e+04 9.0001e-04 1.2874e-03 1.2224e-03 1.0785e-03 9.4657e-04 8.1877e-04 7.3308e-04 6.5046e-04 5.7833e-04 5.1907e-04 4.6538e-04 4.2242e-04 3.8450e-04 3.4557e-04 3.1509e-04 2.8667e-04 2.6362e-04 2.4186e-04 2.2684e-04 2.0970e-04 1.9820e-04 1.8663e-04 1.7670e-04 1.6744e-04 1.5672e-04 1.4830e-04 1.3778e-04 1.2867e-04 1.2074e-04 1.0349e-04 
1.255e+04 7.8432e-04 1.2866e-03 1.1889e-03 1.0445e-03 9.3285e-04 8.0506e-04 7.0494e-04 6.4055e-04 5.7978e-04 5.2104e-04 4.6661e-04 4.2346e-04 3.8625e-04 3.4142e-04 3.1713e-04 2.8639e-04 2.7022e-04 2.4703e-04 2.2709e-04 2.1316e-04 2.0241e-04 1.9206e-04 1.8022e-04 1.6994e-04 1.6042e-04 1.5115e-04 1.4101e-04 1.3234e-04 1.2233e-04 1.0836e-04 
1.277e+04 7.6799e-04 1.1919e-03 1.1581e-03 1.0287e-03 9.0376e-04 7.8459e-04 6.9442e-04 6.2636e-04 5.6821e-04 5.0814e-04 4.6958e-04 4.1975e-04 3.8335e-04 3.4591e-04 3.1233e-04 2.9282e-04 2.6438e-04 2.4784e-04 2.2765e-04 2.1606e-04 2.0452e-04 1.9538e-04 1.8453e-04 1.7401e-04 1.6401e-04 1.5388e-04 1.4391e-04 1.3485e-04 1.2642e-04 1.1103e-04 
1.299e+04 7.4463e-04 1.1530e-03 1.1115e-03 1.0027e-03 8.7651e-04 7.5022e-04 6.8638e-04 6.2082e-04 5.6493e-04 4.9930e-04 4.4612e-04 4.1748e-04 3.8039e-04 3.4955e-04 3.1261e-04 2.8926e-04 2.6597e-04 2.4834e-04 2.3432e-04 2.1751e-04 2.0812e-04 1.9673e-04 1.8628e-04 1.7456e-04 1.6475e-04 1.6034e-04 1.4920e-04 1.3905e-04 1.2821e-04 1.1345e-04 
1.321e+04 6.8712e-04 1.1195e-03 1.0735e-03 9.7255e-04 8.5832e-04 7.5222e-04 6.6885e-04 5.9745e-04 5.4581e-04 4.9350e-04 4.5492e-04 4.1495e-04 3.8043e-04 3.4270e-04 3.1272e-04 2.8805e-04 2.7019e-04 2.5249e-04 2.3230e-04 2.1926e-04 2.0605e-04 1.9598e-04 1.9074e-04 1.7807e-04 1.6882e-04 1.6040e-04 1.4985e-04 1.3847e-04 1.3195e-04 1.1478e-04 
1.343e+04 6.6850e-04 1.0494e-03 1.0513e-03 9.4574e-04 8.2788e-04 7.2788e-04 6.5677e-04 5.9952e-04 5.3476e-04 4.7936e-04 4.5113e-04 4.1104e-04 3.7417e-04 3.4043e-04 3.1191e-04 2.8550e-04 2.6828e-04 2.5498e-04 2.3101e-04 2.2084e-04 2.1159e-04 1.9957e-04 1.9083e-04 1.8159e-04 1.7069e-04 1.6250e-04 1.5282e-04 1.4532e-04 1.3352e-04 1.1860e-04 
1.365e+04 6.7026e-04 9.9881e-04 9.6434e-04 8.9537e-04 7.9995e-04 7.2131e-04 6.4026e-04 5.8843e-04 5.2919e-04 4.7662e-04 4.4247e-04 3.9853e-04 3.7496e-04 3.3763e-04 3.1192e-04 2.8926e-04 2.6846e-04 2.4697e-04 2.3193e-04 2.2519e-04 2.1457e-04 2.0141e-04 1.9172e-04 1.8248e-04 1.7414e-04 1.6567e-04 1.5494e-04 1.4664e-04 1.3817e-04 1.2142e-04 
1.387e+04 6.1731e-04 9.6993e-04 9.8335e-04 8.7325e-04 7.7607e-04 6.9693e-04 6.3393e-04 5.5685e-04 5.1963e-04 4.7263e-04 4.4715e-04 3.9722e-04 3.7113e-04 3.3430e-04 3.0875e-04 2.8401e-04 2.6669e-04 2.4742e-04 2.3827e-04 2.2404e-04 2.0961e-04 2.0613e-04 1.9122e-04 1.8584e-04 1.7706e-04 1.6830e-04 1.5894e-04 1.4960e-04 1.3857e-04 1.2231e-04 
1.409e+04 5.4472e-04 9.1095e-04 8.9354e-04 8.5385e-04 7.5615e-04 6.7483e-04 6.1408e-04 5.6073e-04 5.0799e-04 4.7145e-04 4.2509e-04 3.9809e-04 3.6159e-04 3.3319e-04 3.1042e-04 2.9187e-04 2.6459e-04 2.5224e-04 2.3485e-04 2.2542e-04 2.1084e-04 2.0240e-04 1.9446e-04 1.8637e-04 1.7919e-04 1.6805e-04 1.5948e-04 1.5079e-04 1.4357e-04 1.2454e-04 
1.431e+04 5.3669e-04 8.9614e-04 9.0337e-04 8.0290e-04 7.2630e-04 6.6375e-04 5.9707e-04 5.4644e-04 4.9955e-04 4.5157e-04 4.1852e-04 3.9538e-04 3.6213e-04 3.3496e-04 3.0339e-04 2.8529e-04 2.6739e-04 2.5002e-04 2.3478e-04 2.2212e-04 2.1410e-04 2.0724e-04 2.0043e-04 1.8930e-04 1.7953e-04 1.7322e-04 1.6079e-04 1.5259e-04 1.4349e-04 1.2688e-04 
1.453e+04 5.3844e-04 8.5184e-04 8.4607e-04 7.8876e-04 7.0620e-04 6.4676e-04 5.9616e-04 5.4229e-04 4.9129e-04 4.4818e-04 4.1001e-04 3.9040e-04 3.5705e-04 3.3165e-04 3.0522e-04 2.8181e-04 2.6757e-04 2.4721e-04 2.3565e-04 2.2279e-04 2.1730e-04 2.0762e-04 1.9666e-04 1.9079e-04 1.8021e-04 1.7185e-04 1.6110e-04 1.5326e-04 1.4410e-04 1.2875e-04 
1.475e+04 5.1612e-04 8.2366e-04 8.3660e-04 7.6529e-04 7.0058e-04 6.3529e-04 5.6411e-04 5.3012e-04 4.8124e-04 4.4766e-04 4.0660e-04 3.8466e-04 3.5355e-04 3.2428e-04 2.9848e-04 2.8254e-04 2.6112e-04 2.4583e-04 2.3151e-04 2.2202e-04 2.1244e-04 2.0703e-04 1.9774e-04 1.8946e-04 1.8114e-04 1.7617e-04 1.6520e-04 1.5545e-04 1.4782e-04 1.3080e-04 
1.497e+04 4.6494e-04 7.9599e-04 8.0203e-04 7.2667e-04 6.6895e-04 6.1092e-04 5.6093e-04 5.0788e-04 4.6621e-04 4.3381e-04 4.0830e-04 3.7249e-04 3.4124e-04 3.2381e-04 2.9849e-04 2.7888e-04 2.6538e-04 2.4591e-04 2.3401e-04 2.2487e-04 2.1063e-04 2.0958e-04 2.0033e-04 1.9221e-04 1.8342e-04 1.7439e-04 1.6532e-04 1.5851e-04 1.4772e-04 1.3147e-04 
1.519e+04 4.3310e-04 7.4487e-04 7.6470e-04 7.0786e-04 6.3928e-04 5.9328e-04 5.3553e-04 4.9865e-04 4.5720e-04 4.2341e-04 3.9752e-04 3.6848e-04 3.4342e-04 3.1638e-04 2.9503e-04 2.7280e-04 2.5975e-04 2.4510e-04 2.3532e-04 2.2050e-04 2.1631e-04 2.0698e-04 1.9945e-04 1.9242e-04 1.8136e-04 1.7552e-04 1.6577e-04 1.5628e-04 1.5259e-04 1.3268e-04 
1.541e+04 4.3503e-04 6.6513e-04 7.2674e-04 6.9971e-04 6.5584e-04 5.6795e-04 5.1749e-04 4.8235e-04 4.4983e-04 4.1804e-04 3.8661e-04 3.6665e-04 3.3749e-04 3.1921e-04 2.9136e-04 2.7564e-04 2.6047e-04 2.4016e-04 2.3176e-04 2.2339e-04 2.1222e-04 2.0447e-04 2.0260e-04 1.9103e-04 1.8355e-04 1.7530e-04 1.6746e-04 1.5869e-04 1.5167e-04 1.3267e-04 
1.563e+04 4.2201e-04 6.9025e-04 7.1069e-04 6.7745e-04 6.2439e-04 5.6775e-04 5.0993e-04 4.7521e-04 4.4255e-04 4.0747e-04 3.8002e-04 3.5247e-04 3.3088e-04 3.1239e-04 2.8846e-04 2.7066e-04 2.5692e-04 2.3993e-04 2.2917e-04 2.2120e-04 2.1108e-04 2.0552e-04 1.9782e-04 1.9033e-04 1.8141e-04 1.7486e-04 1.6756e-04 1.5960e-04 1.4999e-04 1.3349e-04 
1.585e+04 4.0200e-04 6.6725e-04 6.8680e-04 6.4734e-04 5.9437e-04 5.3616e-04 4.9161e-04 4.7074e-04 4.3564e-04 3.9940e-04 3.7353e-04 3.4931e-04 3.3179e-04 2.9619e-04 2.8761e-04 2.6898e-04 2.5419e-04 2.3983e-04 2.2825e-04 2.1774e-04 2.1043e-04 2.0407e-04 1.9865e-04 1.8987e-04 1.8394e-04 1.7685e-04 1.6863e-04 1.6072e-04 1.5144e-04 1.3488e-04 
1.607e+04 4.0410e-04 6.0917e-04 6.5002e-04 6.2690e-04 5.8302e-04 5.2349e-04 4.7988e-04 4.5340e-04 4.2173e-04 3.9026e-04 3.7023e-04 3.4687e-04 3.1944e-04 3.0354e-04 2.8226e-04 2.6597e-04 2.5137e-04 2.4073e-04 2.2993e-04 2.1661e-04 2.0915e-04 2.0346e-04 1.9743e-04 1.9370e-04 1.8300e-04 1.7461e-04 1.6732e-04 1.5910e-04 1.5190e-04 1.3830e-04 
1.629e+04 3.6925e-04 6.1130e-04 6.5572e-04 5.8912e-04 5.6606e-04 5.0720e-04 4.6512e-04 4.4165e-04 4.1651e-04 3.8723e-04 3.6134e-04 3.4177e-04 3.1733e-04 2.9434e-04 2.7617e-04 2.6088e-04 2.5194e-04 2.3799e-04 2.2537e-04 2.1527e-04 2.0921e-04 2.0377e-04 1.9625e-04 1.9006e-04 1.8247e-04 1.7729e-04 1.6813e-04 1.5915e-04 1.5272e-04 1.3510e-04 
1.651e+04 3.3636e-04 5.9470e-04 5.9677e-04 5.6742e-04 5.4755e-04 5.0147e-04 4.5960e-04 4.2744e-04 4.0623e-04 3.8146e-04 3.5804e-04 3.3301e-04 3.1002e-04 2.9042e-04 2.7345e-04 2.5794e-04 2.4359e-04 2.2911e-04 2.2218e-04 2.1309e-04 2.0633e-04 2.0024e-04 1.9535e-04 1.9085e-04 1.8149e-04 1.7680e-04 1.6802e-04 1.6314e-04 1.5256e-04 1.3640e-04 
1.673e+04 3.2287e-04 5.7682e-04 6.0744e-04 5.7264e-04 5.2735e-04 4.8876e-04 4.4352e-04 4.2098e-04 3.9856e-04 3.6576e-04 3.4928e-04 3.2590e-04 3.0511e-04 2.8705e-04 2.7122e-04 2.5548e-04 2.4562e-04 2.3108e-04 2.2206e-04 2.1218e-04 2.0736e-04 2.0053e-04 1.9507e-04 1.8916e-04 1.8127e-04 1.7605e-04 1.6809e-04 1.6222e-04 1.5393e-04 1.3765e-04 
1.695e+04 3.1284e-04 5.4682e-04 5.9559e-04 5.6406e-04 5.1234e-04 4.6520e-04 4.2782e-04 4.0360e-04 3.8513e-04 3.6216e-04 3.3514e-04 3.1544e-04 2.9657e-04 2.8158e-04 2.6738e-04 2.5085e-04 2.3964e-04 2.2829e-04 2.2199e-04 2.1216e-04 2.0217e-04 1.9767e-04 1.9361e-04 1.8702e-04 1.8119e-04 1.7521e-04 1.6990e-04 1.5912e-04 1.5372e-04 1.3634e-04 
1.717e+04 3.1956e-04 5.2278e-04 5.4786e-04 5.3573e-04 4.9211e-04 4.5381e-04 4.1677e-04 3.9191e-04 3.8203e-04 3.5868e-04 3.3901e-04 3.0999e-04 2.9746e-04 2.7979e-04 2.6091e-04 2.4558e-04 2.3819e-04 2.2885e-04 2.1909e-04 2.0648e-04 2.0229e-04 2.0127e-04 1.9256e-04 1.8811e-04 1.8004e-04 1.7270e-04 1.6717e-04 1.6024e-04 1.5321e-04 1.3465e-04 
1.739e+04 3.2182e-04 5.2349e-04 5.4342e-04 5.1814e-04 4.8410e-04 4.4190e-04 4.1388e-04 3.8260e-04 3.7075e-04 3.4321e-04 3.2467e-04 3.0727e-04 2.9234e-04 2.7476e-04 2.5770e-04 2.3776e-04 2.3406e-04 2.2271e-04 2.1482e-04 2.0680e-04 2.0079e-04 1.9456e-04 1.9261e-04 1.8265e-04 1.7987e-04 1.7374e-04 1.6790e-04 1.6084e-04 1.5478e-04 1.3722e-04 
1.761e+04 2.7285e-04 4.9551e-04 5.3835e-04 5.0350e-04 4.6439e-04 4.3012e-04 4.0327e-04 3.7926e-04 3.6377e-04 3.3420e-04 3.2457e-04 3.0695e-04 2.8619e-04 2.6812e-04 2.5441e-04 2.4229e-04 2.2757e-04 2.2045e-04 2.1301e-04 2.0546e-04 1.9859e-04 1.9076e-04 1.8935e-04 1.8538e-04 1.7973e-04 1.7103e-04 1.6502e-04 1.5902e-04 1.5183e-04 1.3778e-04 
1.783e+04 2.7578e-04 4.7519e-04 5.1488e-04 4.8021e-04 4.4552e-04 4.2282e-04 3.8883e-04 3.6939e-04 3.4963e-04 3.3003e-04 3.2195e-04 3.0078e-04 2.8273e-04 2.6749e-04 2.4920e-04 2.3511e-04 2.2416e-04 2.1984e-04 2.0891e-04 1.9964e-04 1.9555e-04 1.8982e-04 1.8522e-04 1.7947e-04 1.7606e-04 1.7153e-04 1.6669e-04 1.5832e-04 1.5106e-04 1.3628e-04 
1.805e+04 2.2550e-04 4.3061e-04 4.8966e-04 4.7386e-04 4.3436e-04 4.0363e-04 3.8299e-04 3.6525e-04 3.4427e-04 3.2631e-04 3.0587e-04 2.9268e-04 2.7512e-04 2.6142e-04 2.4897e-04 2.3414e-04 2.2387e-04 2.1258e-04 2.0710e-04 1.9721e-04 1.9431e-04 1.9226e-04 1.8567e-04 1.8124e-04 1.7674e-04 1.7090e-04 1.6488e-04 1.5866e-04 1.5262e-04 1.3525e-04 
1.827e+04 2.6915e-04 4.0438e-04 4.5374e-04 4.6719e-04 4.3856e-04 4.0340e-04 3.7439e-04 3.4731e-04 3.4403e-04 3.2037e-04 3.0476e-04 2.8584e-04 2.7171e-04 2.5432e-04 2.4404e-04 2.2655e-04 2.1937e-04 2.1303e-04 2.0561e-04 2.0230e-04 1.9207e-04 1.9030e-04 1.8454e-04 1.8024e-04 1.7970e-04 1.6861e-04 1.6347e-04 1.5955e-04 1.4886e-04 1.3485e-04 
1.849e+04 2.4135e-04 4.1421e-04 4.5355e-04 4.3571e-04 4.1114e-04 3.8540e-04 3.5645e-04 3.3765e-04 3.3567e-04 3.1326e-04 2.9573e-04 2.8578e-04 2.6453e-04 2.5401e-04 2.3744e-04 2.2783e-04 2.1773e-04 2.0683e-04 2.0060e-04 1.9525e-04 1.9109e-04 1.8795e-04 1.8213e-04 1.7846e-04 1.7200e-04 1.7023e-04 1.6210e-04 1.5733e-04 1.5028e-04 1.3350e-04 
1.871e+04 2.1379e-04 3.9694e-04 4.5283e-04 4.2260e-04 4.0373e-04 3.7574e-04 3.5073e-04 3.3822e-04 3.1920e-04 3.0307e-04 2.9006e-04 2.7465e-04 2.6250e-04 2.4026e-04 2.3725e-04 2.2492e-04 2.1468e-04 2.0851e-04 2.0046e-04 1.9326e-04 1.8889e-04 1.8606e-04 1.8099e-04 1.8005e-04 1.7143e-04 1.6836e-04 1.6153e-04 1.5643e-04 1.4822e-04 1.3342e-04 
1.893e+04 2.0490e-04 3.8413e-04 4.2220e-04 4.0921e-04 3.9073e-04 3.6482e-04 3.4230e-04 3.2466e-04 3.1147e-04 2.9867e-04 2.8567e-04 2.6868e-04 2.5539e-04 2.4090e-04 2.2636e-04 2.1996e-04 2.0958e-04 2.0584e-04 1.9854e-04 1.8631e-04 1.8418e-04 1.8263e-04 1.7847e-04 1.7442e-04 1.7046e-04 1.6513e-04 1.6045e-04 1.5502e-04 1.4802e-04 1.3263e-04 
1.915e+04 2.0790e-04 3.6550e-04 4.3177e-04 4.0683e-04 3.7071e-04 3.4694e-04 3.3485e-04 3.2017e-04 3.0584e-04 2.8866e-04 2.7898e-04 2.6561e-04 2.5475e-04 2.3693e-04 2.2641e-04 2.1417e-04 2.0723e-04 2.0006e-04 1.9434e-04 1.8839e-04 1.8029e-04 1.7606e-04 1.7661e-04 1.7395e-04 1.7174e-04 1.6303e-04 1.5739e-04 1.5075e-04 1.4576e-04 1.3089e-04 
1.937e+04 2.1375e-04 3.6138e-04 3.8849e-04 3.8684e-04 3.6157e-04 3.4430e-04 3.3164e-04 3.1311e-04 2.9292e-04 2.8125e-04 2.6333e-04 2.5923e-04 2.4425e-04 2.3289e-04 2.2308e-04 2.1633e-04 2.0566e-04 1.9761e-04 1.8787e-04 1.8475e-04 1.8321e-04 1.7941e-04 1.7619e-04 1.7284e-04 1.6647e-04 1.6368e-04 1.5776e-04 1.5274e-04 1.4688e-04 1.3151e-04 
1.959e+04 1.9477e-04 3.3399e-04 3.9266e-04 3.7158e-04 3.5624e-04 3.3860e-04 3.2531e-04 3.0669e-04 2.8194e-04 2.7674e-04 2.6773e-04 2.4786e-04 2.4116e-04 2.2949e-04 2.1747e-04 2.0609e-04 1.9817e-04 1.9315e-04 1.8895e-04 1.7981e-04 1.7733e-04 1.7808e-04 1.7563e-04 1.6924e-04 1.6571e-04 1.6010e-04 1.5541e-04 1.5140e-04 1.4604e-04 1.3112e-04 
1.981e+04 1.9995e-04 3.4674e-04 3.5588e-04 3.5514e-04 3.4231e-04 3.2916e-04 3.0837e-04 2.9397e-04 2.8289e-04 2.6716e-04 2.5878e-04 2.5014e-04 2.3018e-04 2.2223e-04 2.1447e-04 2.0403e-04 2.0005e-04 1.9038e-04 1.8469e-04 1.7945e-04 1.7738e-04 1.7533e-04 1.7270e-04 1.6691e-04 1.6527e-04 1.5662e-04 1.5405e-04 1.4945e-04 1.4493e-04 1.2953e-04 
2.003e+04 1.8599e-04 3.4534e-04 3.5464e-04 3.5097e-04 3.3997e-04 3.2015e-04 3.0317e-04 2.9060e-04 2.7161e-04 2.6412e-04 2.5017e-04 2.4255e-04 2.2947e-04 2.1676e-04 2.0659e-04 2.0097e-04 1.9241e-04 1.8425e-04 1.7973e-04 1.7983e-04 1.7399e-04 1.7173e-04 1.6993e-04 1.6767e-04 1.6206e-04 1.5823e-04 1.5226e-04 1.4794e-04 1.4355e-04 1.2894e-04 
2.025e+04 1.7186e-04 3.0136e-04 3.3751e-04 3.5182e-04 3.2900e-04 3.0637e-04 2.9608e-04 2.8244e-04 2.7114e-04 2.6058e-04 2.4818e-04 2.3702e-04 2.2454e-04 2.1428e-04 2.0330e-04 1.9426e-04 1.8981e-04 1.8427e-04 1.7947e-04 1.7555e-04 1.7007e-04 1.6956e-04 1.6595e-04 1.6432e-04 1.6085e-04 1.5640e-04 1.5187e-04 1.4573e-04 1.4295e-04 1.2703e-04 
2.047e+04 1.7079e-04 2.8566e-04 3.1466e-04 3.3312e-04 3.2092e-04 3.0415e-04 2.8922e-04 2.7690e-04 2.6622e-04 2.5199e-04 2.4232e-04 2.3013e-04 2.2039e-04 2.1018e-04 2.0106e-04 1.9059e-04 1.8416e-04 1.8059e-04 1.7617e-04 1.7249e-04 1.6958e-04 1.6637e-04 1.6541e-04 1.6342e-04 1.5876e-04 1.5414e-04 1.4911e-04 1.4383e-04 1.4034e-04 1.2554e-04 
2.069e+04 1.4204e-04 3.2441e-04 3.1905e-04 3.2090e-04 2.9869e-04 2.9767e-04 2.9090e-04 2.7100e-04 2.5459e-04 2.4503e-04 2.3584e-04 2.2529e-04 2.1615e-04 2.0573e-04 1.9856e-04 1.8833e-04 1.8298e-04 1.7800e-04 1.7473e-04 1.6813e-04 1.6846e-04 1.6288e-04 1.6027e-04 1.6022e-04 1.5433e-04 1.5087e-04 1.4903e-04 1.4346e-04 1.3797e-04 1.2504e-04 
2.091e+04 1.5631e-04 2.7322e-04 3.0330e-04 3.1920e-04 3.0433e-04 3.0003e-04 2.7731e-04 2.6297e-04 2.4650e-04 2.4089e-04 2.3311e-04 2.1897e-04 2.1042e-04 2.0201e-04 1.9273e-04 1.8610e-04 1.8001e-04 1.7166e-04 1.7135e-04 1.6770e-04 1.6338e-04 1.6399e-04 1.6007e-04 1.5573e-04 1.5392e-04 1.5327e-04 1.4687e-04 1.3978e-04 1.3655e-04 1.2453e-04 
2.113e+04 1.6095e-04 2.7764e-04 2.9439e-04 3.0136e-04 2.8973e-04 2.7013e-04 2.6280e-04 2.5012e-04 2.4599e-04 2.3765e-04 2.2885e-04 2.1884e-04 2.0535e-04 1.9750e-04 1.8515e-04 1.7873e-04 1.7165e-04 1.6925e-04 1.6862e-04 1.6529e-04 1.6129e-04 1.6106e-04 1.5894e-04 1.5649e-04 1.5391e-04 1.5021e-04 1.4523e-04 1.4008e-04 1.3602e-04 1.2338e-04 
2.135e+04 1.3511e-04 2.7657e-04 3.1232e-04 2.9797e-04 2.8913e-04 2.7512e-04 2.5969e-04 2.4825e-04 2.3812e-04 2.2819e-04 2.2263e-04 2.1864e-04 2.0303e-04 1.9268e-04 1.8274e-04 1.7492e-04 1.7015e-04 1.6832e-04 1.6718e-04 1.6169e-04 1.5734e-04 1.5837e-04 1.5687e-04 1.5423e-04 1.5199e-04 1.4710e-04 1.4426e-04 1.3931e-04 1.3424e-04 1.2119e-04 
2.157e+04 1.4177e-04 2.6037e-04 2.9041e-04 2.8326e-04 2.7812e-04 2.5873e-04 2.4905e-04 2.4507e-04 2.3637e-04 2.2102e-04 2.1615e-04 2.0512e-04 1.9966e-04 1.9042e-04 1.7830e-04 1.7539e-04 1.6472e-04 1.6276e-04 1.6488e-04 1.5553e-04 1.5962e-04 1.5505e-04 1.5582e-04 1.5110e-04 1.5015e-04 1.4631e-04 1.4250e-04 1.3735e-04 1.3280e-04 1.2012e-04 
2.179e+04 1.4692e-04 2.4806e-04 2.7741e-04 2.6675e-04 2.6404e-04 2.6549e-04 2.4522e-04 2.3901e-04 2.3185e-04 2.2357e-04 2.1112e-04 2.0313e-04 1.9596e-04 1.8575e-04 1.7561e-04 1.6932e-04 1.6309e-04 1.5964e-04 1.5707e-04 1.5485e-04 1.5460e-04 1.5438e-04 1.5145e-04 1.5025e-04 1.4933e-04 1.4517e-04 1.3910e-04 1.3908e-04 1.3075e-04 1.1982e-04 
2.201e+04 1.2902e-04 2.4132e-04 2.7753e-04 2.5881e-04 2.5693e-04 2.4567e-04 2.3366e-04 2.3411e-04 2.2668e-04 2.1790e-04 2.1003e-04 1.9902e-04 1.9399e-04 1.8320e-04 1.7433e-04 1.6663e-04 1.5745e-04 1.5980e-04 1.5526e-04 1.5401e-04 1.5107e-04 1.5072e-04 1.4956e-04 1.4776e-04 1.4568e-04 1.4179e-04 1.3845e-04 1.3496e-04 1.2987e-04 1.1722e-04 
2.223e+04 1.3363e-04 2.3653e-04 2.5780e-04 2.5969e-04 2.5292e-04 2.4944e-04 2.4119e-04 2.2652e-04 2.1534e-04 2.1164e-04 2.0033e-04 1.9545e-04 1.8445e-04 1.7631e-04 1.6841e-04 1.6432e-04 1.5816e-04 1.5284e-04 1.5422e-04 1.5221e-04 1.4844e-04 1.4945e-04 1.4486e-04 1.4360e-04 1.4207e-04 1.4239e-04 1.3747e-04 1.3316e-04 1.2985e-04 1.1657e-04 
2.245e+04 1.3527e-04 2.4607e-04 2.4422e-04 2.4178e-04 2.4434e-04 2.3029e-04 2.2932e-04 2.1878e-04 2.1426e-04 2.0381e-04 2.0144e-04 1.9198e-04 1.8046e-04 1.7585e-04 1.6757e-04 1.6287e-04 1.5282e-04 1.4982e-04 1.5343e-04 1.4950e-04 1.4795e-04 1.4649e-04 1.4604e-04 1.4188e-04 1.4065e-04 1.3775e-04 1.3303e-04 1.3156e-04 1.2431e-04 1.1581e-04 
2.267e+04 1.3149e-04 2.3038e-04 2.4514e-04 2.4990e-04 2.3045e-04 2.3385e-04 2.2456e-04 2.0888e-04 2.1263e-04 1.9903e-04 1.9367e-04 1.8991e-04 1.7983e-04 1.7382e-04 1.6269e-04 1.5575e-04 1.5088e-04 1.4940e-04 1.4548e-04 1.4706e-04 1.4493e-04 1.4258e-04 1.4502e-04 1.4253e-04 1.3738e-04 1.3590e-04 1.3438e-04 1.2884e-04 1.2610e-04 1.1430e-04 
2.289e+04 1.1008e-04 2.0000e-04 2.3290e-04 2.4835e-04 2.4427e-04 2.2900e-04 2.1517e-04 2.1133e-04 1.9847e-04 1.9864e-04 1.8807e-04 1.8738e-04 1.7623e-04 1.6669e-04 1.6376e-04 1.5315e-04 1.4944e-04 1.4218e-04 1.4327e-04 1.4048e-04 1.4488e-04 1.4363e-04 1.4119e-04 1.3965e-04 1.3735e-04 1.3548e-04 1.3315e-04 1.2809e-04 1.2367e-04 1.1265e-04 
